1366 0.120231 -0.513979 -1.08612 -0.0397671 0.22606 0.121995 0.965626

1367 0.115523 -0.515892 -1.08352 -0.0400358 0.229589 0.124075 0.964516

1368 0.110457 -0.519917 -1.08091 -0.0421313 0.233234 0.126663 0.963215

1369 0.106304 -0.526152 -1.07881 -0.0434859 0.236469 0.12925 0.962022

1370 0.100971 -0.53049 -1.07632 -0.0437716 0.240026 0.130557 0.960951

1371 0.0962579 -0.537437 -1.07416 -0.0443669 0.243649 0.132604 0.959731

1372 0.0902206 -0.542479 -1.07148 -0.0432178 0.247483 0.134436 0.958547

1373 0.0829371 -0.545772 -1.06817 -0.0422974 0.251308 0.136279 0.957331

1374 0.0753992 -0.550429 -1.06504 -0.0426111 0.254623 0.138855 0.956071

1375 0.0678858 -0.555451 -1.06211 -0.0428066 0.257708 0.141794 0.954803

1376 0.0600176 -0.559998 -1.05898 -0.0426354 0.260743 0.144959 0.953511

1377 0.051344 -0.563765 -1.05522 -0.0423917 0.263683 0.148085 0.952232

1378 0.0429759 -0.567969 -1.05212 -0.0431477 0.266327 0.151067 0.950993

1379 0.0355049 -0.573355 -1.04971 -0.0436701 0.269063 0.155062 0.949555

1380 0.0273451 -0.577516 -1.04653 -0.043132 0.272526 0.158861 0.947962

1381 0.0183337 -0.580929 -1.04288 -0.0432805 0.276465 0.162621 0.946176

1382 0.0115072 -0.586405 -1.04066 -0.043643 0.280088 0.166991 0.94433

1383 0.00339544 -0.590491 -1.03784 -0.0427622 0.284383 0.17085 0.942395

1384 -0.0038445 -0.594844 -1.03508 -0.0417925 0.288663 0.174941 0.940384

1385 -0.0105212 -0.598989 -1.03291 -0.0405642 0.293076 0.178732 0.938358

1386 -0.0181621 -0.6014 -1.02976 -0.0386955 0.298399 0.182562 0.936019

1387 -0.0257502 -0.603031 -1.02632 -0.0380975 0.303677 0.186073 0.933652

1388 -0.0317948 -0.605562 -1.02341 -0.0390629 0.308504 0.189482 0.931341

1389 -0.0377797 -0.608579 -1.02047 -0.040026 0.313092 0.193411 0.928958

1390 -0.0422665 -0.612563 -1.01784 -0.0403826 0.317082 0.196528 0.926933

1391 -0.0476639 -0.615185 -1.01436 -0.0403291 0.321748 0.198594 0.924885

1392 -0.0520473 -0.617964 -1.01104 -0.0404203 0.32699 0.200182 0.922698

1393 -0.0562075 -0.619739 -1.0079 -0.0402975 0.332981 0.201707 0.920225

1394 -0.0591027 -0.621377 -1.00454 -0.0408682 0.339629 0.203514 0.917368

1395 -0.0604331 -0.625491 -1.0017 -0.0415793 0.346284 0.206808 0.914106

1396 -0.0640652 -0.6275 -0.996696 -0.0402506 0.353327 0.210113 0.91071

1397 -0.0673717 -0.629514 -0.991049 -0.0394705 0.358954 0.213164 0.90783

1398 -0.0693333 -0.632894 -0.985995 -0.03964 0.363008 0.21641 0.90544

1399 -0.0700734 -0.637438 -0.982265 -0.0388919 0.365991 0.219074 0.903628

1400 -0.072241 -0.640666 -0.976942 -0.0370781 0.369702 0.220603 0.90182

1401 -0.0750033 -0.642874 -0.971024 -0.0361859 0.37404 0.222418 0.899619

1402 -0.0767587 -0.645179 -0.965845 -0.0368285 0.378326 0.224934 0.897172

1403 -0.0773783 -0.649786 -0.960805 -0.0380642 0.383211 0.228011 0.894266

1404 -0.0784088 -0.653329 -0.955329 -0.0381317 0.389003 0.230563 0.891102

1405 -0.0798991 -0.663259 -0.942075 -0.0397709 0.400866 0.236927 0.884076

1406 -0.0798262 -0.669501 -0.935297 -0.0383224 0.406424 0.239337 0.880948

1407 -0.0819545 -0.672952 -0.926842 -0.0365308 0.412572 0.24107 0.877687

1408 -0.0831592 -0.675774 -0.919001 -0.036847 0.418525 0.243716 0.874118

1409 -0.0831509 -0.682691 -0.911989 -0.0373057 0.423514 0.248457 0.870352

1410 -0.0842385 -0.687719 -0.903927 -0.0350656 0.42832 0.252006 0.867067

1411 -0.0867752 -0.690122 -0.895148 -0.0336268 0.432114 0.255267 0.864283

1412 -0.0875835 -0.696372 -0.887001 -0.0343777 0.43431 0.259164 0.86199

1413 -0.0875603 -0.703679 -0.879747 -0.034412 0.435563 0.262413 0.860372

1414 -0.0886558 -0.709058 -0.872204 -0.0340064 0.437537 0.264587 0.858719

1415 -0.0887766 -0.715847 -0.866123 -0.0335179 0.44045 0.267253 0.85642

1416 -0.0893503 -0.721659 -0.860407 -0.0314154 0.444338 0.269693 0.853723

1417 -0.0901552 -0.72673 -0.854224 -0.0283586 0.448387 0.27217 0.850922

1418 -0.0912609 -0.731208 -0.848045 -0.0256508 0.452467 0.27525 0.847852

1419 -0.0919352 -0.736546 -0.842321 -0.0239438 0.45664 0.278332 0.844652

1420 -0.0933928 -0.740439 -0.836525 -0.0219165 0.460866 0.280978 0.84153

1421 -0.0943561 -0.74488 -0.831335 -0.0207834 0.464536 0.284029 0.838512

1422 -0.0941606 -0.750325 -0.82692 -0.0199541 0.468207 0.286848 0.835525

1423 -0.0945766 -0.75572 -0.821556 -0.0179205 0.472382 0.28855 0.83263

1424 -0.0973797 -0.757281 -0.814741 -0.0159008 0.477111 0.289373 0.829684

1425 -0.0978746 -0.761214 -0.809493 -0.0164198 0.48144 0.291315 0.826488

1426 -0.0985698 -0.766462 -0.80373 -0.0164358 0.485904 0.293403 0.82313

1427 -0.100028 -0.770513 -0.796553 -0.0151683 0.490326 0.295219 0.819876

1428 -0.101027 -0.775064 -0.790663 -0.0139581 0.494075 0.297079 0.816969

1429 -0.101953 -0.779797 -0.784022 -0.0116275 0.498084 0.298838 0.813924

1430 -0.104273 -0.782961 -0.77637 -0.00910228 0.502226 0.30094 0.81063

1431 -0.106006 -0.78661 -0.769914 -0.00781151 0.506333 0.30324 0.807225

1432 -0.107333 -0.791277 -0.763234 -0.00707711 0.511011 0.305245 0.803519

1433 -0.10949 -0.795137 -0.755678 -0.00668359 0.5168 0.307729 0.798859

1434 -0.111645 -0.799082 -0.748682 -0.00688862 0.522513 0.310751 0.793956

1435 -0.113386 -0.803434 -0.741824 -0.00731429 0.527809 0.31395 0.789177

1436 -0.115817 -0.807991 -0.732785 -0.0081131 0.533198 0.317609 0.784065

1437 -0.116314 -0.814737 -0.725995 -0.00989833 0.537688 0.321349 0.779441

1438 -0.116784 -0.822646 -0.719459 -0.00998034 0.542496 0.324645 0.774728

1439 -0.118103 -0.827736 -0.712227 -0.00790259 0.547193 0.327045 0.770428

1440 -0.1194 -0.831977 -0.705109 -0.00640838 0.551528 0.329834 0.76615

1441 -0.119111 -0.838104 -0.699951 -0.00550542 0.555449 0.331822 0.762457

1442 -0.119748 -0.842969 -0.693229 -0.0027698 0.559734 0.332861 0.758877

1443 -0.120909 -0.845026 -0.687361 -0.000323348 0.563275 0.333741 0.75587

1444 -0.121243 -0.849216 -0.680821 0.000434599 0.567331 0.335482 0.752055

1445 -0.120547 -0.85522 -0.675923 0.00106776 0.570933 0.336578 0.748833

1446 -0.121482 -0.85714 -0.670336 0.0031701 0.574367 0.336705 0.746138

1447 -0.122277 -0.858941 -0.664749 0.0037055 0.577491 0.337934 0.743163

1448 -0.122221 -0.862479 -0.659982 0.00321261 0.581116 0.339311 0.739704

1449 -0.122137 -0.866002 -0.655156 0.00389152 0.586042 0.340052 0.735462

1450 -0.122552 -0.868701 -0.650374 0.00559489 0.591097 0.340217 0.731317

1451 -0.121895 -0.872055 -0.644789 0.00757706 0.595643 0.340797 0.72733

1452 -0.12131 -0.875257 -0.639093 0.0103205 0.599847 0.341247 0.723622

1453 -0.120441 -0.876526 -0.634137 0.0124959 0.603163 0.341296 0.720802

1454 -0.119378 -0.877911 -0.629759 0.0128596 0.606178 0.341747 0.718047

1455 -0.117258 -0.878998 -0.626592 0.0124303 0.609304 0.342424 0.71508

1456 -0.114887 -0.881774 -0.622958 0.0118866 0.612703 0.343422 0.711699

1457 -0.111737 -0.885013 -0.618831 0.0124072 0.61651 0.343708 0.708256

1458 -0.108804 -0.886505 -0.615311 0.0142822 0.620059 0.343476 0.705229

1459 -0.105527 -0.88732 -0.612445 0.0165667 0.623593 0.342411 0.702575

1460 -0.101713 -0.889203 -0.608514 0.0184359 0.627119 0.34142 0.699867

1461 -0.0973069 -0.890498 -0.604254 0.0198183 0.630121 0.340222 0.697713

1462 -0.0925103 -0.892196 -0.601312 0.0202623 0.63248 0.338974 0.696171

1463 -0.0874619 -0.893797 -0.597581 0.0210797 0.635042 0.337989 0.694291

1464 -0.0822224 -0.895111 -0.5939 0.021892 0.637611 0.337225 0.692281

1465 -0.0773351 -0.895765 -0.590603 0.0233159 0.640418 0.336563 0.689962

1466 -0.0716872 -0.897769 -0.586819 0.0253414 0.643476 0.335351 0.68763

1467 -0.0664287 -0.898924 -0.584 0.0274868 0.646344 0.33381 0.685605

1468 -0.0608029 -0.900098 -0.58148 0.028161 0.648996 0.333194 0.683369

1469 -0.05458 -0.903534 -0.579619 0.0280286 0.651975 0.3336 0.680334

1470 -0.0489976 -0.906391 -0.576882 0.0294791 0.65549 0.332742 0.677308

1471 -0.0434823 -0.908882 -0.573846 0.0310397 0.658761 0.33105 0.67489

1472 -0.0378022 -0.911576 -0.5719 0.0321043 0.661964 0.329237 0.672589

1473 -0.0322075 -0.91395 -0.571054 0.0333326 0.665596 0.326892 0.670084

1474 -0.0263579 -0.916487 -0.570407 0.0344032 0.669146 0.32514 0.66734

1475 -0.0209549 -0.919805 -0.569898 0.0356115 0.672235 0.324074 0.664687

1476 -0.0160188 -0.922365 -0.568233 0.0381626 0.674941 0.322865 0.662387

1477 -0.0109787 -0.925098 -0.566726 0.0403361 0.676595 0.32202 0.66098

1478 -0.00173391 -0.930345 -0.565725 0.0433049 0.679307 0.319765 0.659104

1479 0.00249835 -0.933414 -0.565197 0.0438099 0.68099 0.318185 0.658096

1480 0.00605574 -0.934967 -0.564537 0.0436405 0.682708 0.317383 0.656715

1481 0.00947851 -0.937684 -0.563612 0.0430836 0.684258 0.316577 0.655525

1482 0.0129422 -0.940479 -0.564057 0.0436929 0.685761 0.315509 0.654428

1483 0.0162302 -0.94268 -0.564284 0.0454412 0.687572 0.313908 0.653178

1484 0.0195311 -0.944246 -0.564665 0.0479476 0.689721 0.311896 0.651695

1485 0.022232 -0.945678 -0.563726 0.0500489 0.691807 0.310633 0.649927

1486 0.0245968 -0.947404 -0.563395 0.0512457 0.693906 0.309421 0.648172

1487 0.0271237 -0.949952 -0.563552 0.0523542 0.696317 0.308454 0.645955

1488 0.0294215 -0.951556 -0.563352 0.0530945 0.698456 0.307925 0.643834

1489 0.0317655 -0.954218 -0.562499 0.0532405 0.700306 0.308217 0.64167

1490 0.033795 -0.956613 -0.561906 0.0530004 0.701795 0.308904 0.63973

1491 0.0356861 -0.958418 -0.560966 0.0530594 0.702989 0.309123 0.638306

1492 0.0383726 -0.962068 -0.560628 0.0540849 0.704129 0.308813 0.637112

1493 0.0405869 -0.963923 -0.560267 0.0551117 0.705263 0.308371 0.635983

1494 0.0425523 -0.965703 -0.559508 0.0551972 0.706387 0.309318 0.634266

1495 0.0443003 -0.96734 -0.558009 0.0550981 0.707665 0.310863 0.63209

1496 0.0460937 -0.969749 -0.557147 0.055656 0.708644 0.312394 0.630188

1497 0.0480311 -0.973025 -0.55731 0.0575358 0.709757 0.312446 0.628739

1498 0.0494914 -0.974822 -0.556351 0.0596339 0.711067 0.311598 0.627482

1499 0.0509548 -0.975669 -0.556006 0.0607822 0.712125 0.311797 0.626072

1500 0.052274 -0.976664 -0.555911 0.0618621 0.713401 0.312003 0.624408

1501 0.0533184 -0.977617 -0.555166 0.0623514 0.714983 0.311945 0.622577

1502 0.0544463 -0.977991 -0.554603 0.0625725 0.71662 0.312249 0.620516

1503 0.0556181 -0.979157 -0.554616 0.062159 0.71849 0.312283 0.618375

1504 0.0570964 -0.979618 -0.554953 0.0613964 0.720775 0.312076 0.615891

1505 0.0587035 -0.980318 -0.554339 0.060277 0.723618 0.311699 0.612852

1506 0.0601075 -0.979513 -0.554091 0.059054 0.726579 0.310919 0.609857

1507 0.0614567 -0.979652 -0.552259 0.0571193 0.729192 0.310899 0.606926

1508 0.0631292 -0.979845 -0.551017 0.0559326 0.731584 0.309945 0.60464
