528 1.307733 1.228178 0.766526 0.07972107045738662 0.9919397663164835 0.03734097700059561 -0.09113456589778196
529 1.304314 1.227023 0.76384 0.08198338067374146 0.9912710275197193 0.038231219260815234 -0.09590994527287214
530 1.300576 1.226848 0.761301 0.08450662426323853 0.9905377327492375 0.038640627948384895 -0.10099716213973477
531 1.296878 1.227502 0.759051 0.0873390403385592 0.9897607034025953 0.039376184431265844 -0.10580663552309445
532 1.29295 1.227296 0.756896 0.09032197113057723 0.9889509593503614 0.040085405272311 -0.1105021932248152
533 1.288892 1.227339 0.754734 0.09326252638865756 0.9881219560357921 0.04079835465020244 -0.11511939321372557
534 1.285183 1.226923 0.752454 0.09621987369323594 0.9872518675596416 0.04163172676654067 -0.11975945945005503
535 1.281475 1.226447 0.750365 0.09917317957487175 0.9863276585394937 0.04243468145461532 -0.12458562723665084
536 1.277006 1.225891 0.748182 0.1022229778200607 0.985321521129017 0.04321305186880697 -0.12970892978523033
537 1.272306 1.224984 0.746344 0.10474481847988522 0.9843613411750788 0.04399248343936929 -0.13463196334162902
538 1.267236 1.223796 0.744794 0.10735852545810458 0.9834267893442806 0.04450966810573245 -0.13915677453859862
539 1.263487 1.223489 0.742645 0.10938949144202659 0.9825235366137546 0.04430606329292752 -0.14393828211730209
